  -2.1765341e+00  -2.4761530e+00   1.0000000e+00
  -1.2085839e+00  -1.1379784e+00   1.0000000e+00
  -3.3320044e+00  -3.3616945e+00   1.0000000e+00
  -4.3298672e+00  -1.5449704e+00   1.0000000e+00
  -3.4490973e+00  -2.8487094e+00   1.0000000e+00
  -1.6664892e+00  -2.3348869e+00   1.0000000e+00
  -1.6086464e+00  -1.4472167e+00   1.0000000e+00
  -1.5483206e+00  -9.6090935e-01   1.0000000e+00
  -2.1302847e+00  -3.1176387e+00   1.0000000e+00
  -1.8163109e+00  -7.3934129e-01   1.0000000e+00
   2.6601431e+00   1.7902867e+00   2.0000000e+00
   1.9321344e+00   2.6251904e+00   2.0000000e+00
   1.8047788e+00   2.1832273e+00   2.0000000e+00
   1.7823936e+00   9.7023246e-01   2.0000000e+00
   1.6968924e+00   2.9492218e+00   2.0000000e+00
   2.0230456e+00   2.3070619e+00   2.0000000e+00
   2.0512904e+00   2.1351749e+00   2.0000000e+00
   2.8260628e+00   2.5152463e+00   2.0000000e+00
   3.5269767e+00   2.2614063e+00   2.0000000e+00
   2.4669144e+00   1.0585142e+00   2.0000000e+00
